X Y X' Y'
1.367663236 2.335 0.002058251645 0.01666666667
-1.421449419 2.335 0.001942699744 0.01666666667
1.334197112 2.335 0.002411561016 0.01666666667
-1.400239906 2.335 0.002408800459 0.01666666667
1.310888079 2.333 0.002759650501 0.01666666667
-1.377818444 2.416 0.002536616008 0.01666666667
1.296645885 2.334 0.00271479266 0.01666666667
-1.339619198 2.25 0.00232322206 0.01666666667
-1.339619198 1.25 0.002859835453 0.01666666667
1.282516867 1.167 0.002839294764 0.01666666667
-1.322072258 2.25 0.002485347731 0.01666666667
1.284588595 2.333 0.00282117859 0.01666666667
-1.301578319 2.333 0.002670813428 0.01666666667
1.265021166 2.334 0.002990310793 0.01666666667
-1.279433716 2.25 0.002901213959 0.01666666667
1.25807599 2.25 0.003049253864 0.01666666667
-1.251658424 2.333 0.003103196428 0.01666666667
1.24771659 2.335 0.003136076452 0.01666666667
-1.227212563 2.252 0.00330391715 0.01666666667
1.231611694 2.25 0.003268365599 0.01666666667
-1.238973635 2.333 0.003208305525 0.01666666667
1.206525662 2.333 0.003467624003 0.01666666667
-1.206567286 2.25 0.003467300475 0.01666666667
1.18431625 2.25 0.003636765464 0.01666666667
-1.19575088 2.25 0.003550557404 0.01666666667
1.169065567 2.25 0.003748775846 0.01666666667
-1.186887602 2.334 0.003617543679 0.01666666667
1.138764912 2.25 0.003960876164 0.01666666667
-1.184877375 2.25 0.003632579033 0.01666666667
1.130588858 2.25 0.004015647262 0.01666666667
-1.172873908 2.25 0.003721127729 0.01666666667
1.109322731 2.25 0.004153044028 0.01666666667
-1.155313554 2.251 0.003846791751 0.01666666667
1.102707963 2.252 0.004194260534 0.01666666667
-1.140913037 2.25 0.003946309665 0.01666666667
1.069817016 2.25 0.004388166268 0.01666666667
-1.13236495 2.167 0.004003840076 0.01666666667
-1.13236495 1.166 0.004003840076 0.01666666667
1.079553723 1.167 0.00433270603 0.01666666667
-1.124354414 2.167 0.004056690825 0.01666666667
1.066594267 2.25 0.004406157517 0.01666666667
-1.103454108 2.25 0.004189647917 0.01666666667
1.058785085 2.25 0.004448992244 0.01666666667
-1.084104556 2.25 0.004306219785 0.01666666667
1.039388479 2.166 0.004550668915 0.01666666667
-1.071131548 2.25 0.004380775402 0.01666666667
1.032544293 2.25 0.004584919219 0.01666666667
-1.049580805 2.167 0.004498085176 0.01666666667
1.019395867 2.169 0.004648301947 0.01666666667
-1.05319116 2.251 0.004479009373 0.01666666667
1.009766366 2.25 0.004692684897 0.01666666667
-1.026499276 2.167 0.004614455995 0.01666666667
1.000949669 2.166 0.004731795648 0.01666666667
-1.018263869 2.25 0.004653609136 0.01666666667
0.995054653 2.25 0.00475712588 0.01666666667
-1.012060661 2.167 0.004682267687 0.01666666667
0.9749220263 2.25 0.004838627514 0.01666666667
-0.9987149093 2.25 0.004741475765 0.01666666667
0.9739651415 2.167 0.004842306941 0.01666666667
-0.9857432683 2.166 0.004795787393 0.01666666667
0.9494833841 2.167 0.004930376901 0.01666666667
-0.9881522483 2.167 0.004785944093 0.01666666667
0.9402067521 2.251 0.00496067151 0.01666666667
-0.9919284659 2.252 0.004770290665 0.01666666667
0.9362092196 2.167 0.004973200359 0.01666666667
-0.9908514647 2.166 0.004774782895 0.01666666667
0.9201122305 2.167 0.005020425583 0.01666666667
-0.9742550889 2.167 0.004841193903 0.01666666667
0.9261940825 2.166 0.005003191701 0.01666666667
-0.9621468895 2.25 0.00488628436 0.01666666667
0.9215293644 2.25 0.005016476193 0.01666666667
-0.9512026905 2.167 0.004924575443 0.01666666667
0.9115314678 2.167 0.005043476676 0.01666666667
-0.9448458659 2.166 0.004945734401 0.01666666667
0.8863133263 2.167 0.005102601292 0.01666666667
-0.931688938 2.167 0.00498698458 0.01666666667
0.9004600544 2.166 0.005071023047 0.01666666667
-0.9034926908 2.168 0.005063724346 0.01666666667
0.8885561984 2.169 0.005097866598 0.01666666667
-0.8902914293 2.167 0.005094133149 0.01666666667
0.8572271337 2.166 0.005154671241 0.01666666667
-0.8906424617 2.167 0.005093370419 0.01666666667
0.8712055531 2.167 0.005131814179 0.01666666667
-0.8824477796 2.166 0.005110520428 0.01666666667
0.863114931 2.167 0.005145533799 0.01666666667
-0.8745515289 2.167 0.005125747306 0.01666666667
0.8432102706 2.166 0.005173546033 0.01666666667
-0.8900021414 2.167 0.005094759831 0.01666666667
0.8068960632 2.167 0.005203508236 0.01666666667
-0.8757777392 2.166 0.005123466471 0.01666666667
0.8241258956 2.167 0.005192706381 0.01666666667
-0.8806384942 2.167 0.005114122099 0.01666666667
0.8044337776 2.168 0.005204547565 0.01666666667
-0.8625668213 2.168 0.005146414565 0.01666666667
0.809694405 2.167 0.005202173859 0.01666666667
-0.8632757023 2.167 0.005145274281 0.01666666667
0.7921121232 2.166 0.005207852021 0.01666666667
-0.8660053103 2.167 0.005140786954 0.01666666667
0.7813439477 2.167 0.005208150349 0.01666666667
-0.8490929548 2.166 0.005166118837 0.01666666667
0.7959165471 2.167 0.005207169163 0.01666666667
-0.8282845323 2.167 0.005189174934 0.01666666667
0.790422317 2.166 0.005208058628 0.01666666667
-0.7918201942 2.083 0.005207891965 0.01666666667
0.7962519562 2.084 0.005207094499 0.01666666667
-0.7819044818 2.167 0.005208194419 0.01666666667
0.7949343311 2.166 0.005207374332 0.01666666667
-0.7995782959 2.168 0.005206227199 0.01666666667
0.7720273007 2.169 0.005206459417 0.01666666667
-0.7896629094 2.167 0.005208132106 0.01666666667
0.7523025563 2.166 0.005196916381 0.01666666667
-0.7708964159 2.167 0.005206131126 0.01666666667
0.7504684664 2.084 0.00519561778 0.01666666667
-0.7667743845 2.083 0.005204709081 0.01666666667
0.7523418729 2.166 0.005196943453 0.01666666667
-0.7686119911 2.167 0.005205386733 0.01666666667
0.7317899182 2.167 0.005178414955 0.01666666667
-0.7661384685 2.166 0.005204458201 0.01666666667
0.7107067297 2.083 0.005150318101 0.01666666667
-0.7684592418 2.084 0.005205333083 0.01666666667
0.7013926738 2.167 0.005134986171 0.01666666667
-0.7801970592 2.166 0.005208039782 0.01666666667
0.7213539781 2.167 0.005165655201 0.01666666667
-0.7553820996 2.169 0.005198939526 0.01666666667
0.68963888 2.085 0.005113095888 0.01666666667
-0.749365796 2.083 0.005194803399 0.01666666667
0.6825129251 2.166 0.005098447952 0.01666666667
-0.7587001515 2.167 0.005200898643 0.01666666667
0.6703461088 2.167 0.005071046418 0.01666666667
-0.7510252992 2.083 0.005196019428 0.01666666667
0.6863909924 2.083 0.005106548237 0.01666666667
-0.722571536 2.167 0.005167259944 0.01666666667
0.6996674218 2.167 0.005131950465 0.01666666667
-0.7022463644 2.166 0.005136465694 0.01666666667
0.7035734995 2.083 0.005138736005 0.01666666667
-0.6836484453 2.084 0.005100851539 0.01666666667
0.6687364699 2.167 0.005067196004 0.01666666667
-0.7146770614 2.166 0.005156310712 0.01666666667
0.6642713185 2.168 0.005056240162 0.01666666667
-0.7143806274 2.085 0.005155874517 0.01666666667
0.6726056293 2.084 0.005076362737 0.01666666667
-0.6803361552 2.167 0.005093766816 0.01666666667
0.6522366922 2.166 0.005024706192 0.01666666667
-0.6752406142 2.083 0.005082431524 0.01666666667
0.6660103962 2.084 0.00506055521 0.01666666667
-0.6632479003 2.167 0.005053672236 0.01666666667
0.6541609718 2.166 0.00502994432 0.01666666667
-0.6634203099 2.083 0.005054106324 0.01666666667
0.6519951891 2.084 0.005024043533 0.01666666667
-0.6739399438 2.167 0.005079453505 0.01666666667
0.6288004025 2.083 0.004954961217 0.01666666667
-0.6706168886 2.083 0.005071688986 0.01666666667
0.6205090322 2.167 0.004927671517 0.01666666667
-0.6718487404 2.169 0.00507459343 0.01666666667
0.6192606744 2.085 0.004923445197 0.01666666667
-0.6513754 2.083 0.005022337534 0.01666666667
0.6176409886 2.166 0.004917916008 0.01666666667
-0.6421497222 2.083 0.004996032512 0.01666666667
0.6157564891 2.084 0.004911417865 0.01666666667
-0.6440051499 2.167 0.005001459794 0.01666666667
0.6104561203 2.166 0.004892767331 0.01666666667
-0.6394279218 2.083 0.004987946556 0.01666666667
0.604655994 2.084 0.004871728344 0.01666666667
-0.6357505286 2.167 0.004976787005 0.01666666667
0.5913810699 2.083 0.00482111332 0.01666666667
-0.6213745585 2.083 0.004930583729 0.01666666667
0.5971756712 2.167 0.004843627223 0.01666666667
-0.6278241976 2.167 0.004951818821 0.01666666667
0.5855980863 2.083 0.00479799899 0.01666666667
-0.6301967916 2.085 0.004959423349 0.01666666667
0.5894529511 2.168 0.004813478229 0.01666666667
-0.6038724913 2.083 0.004868835997 0.01666666667
0.5894410794 2.084 0.004813430997 0.01666666667
-0.6077770875 2.084 0.004883131239 0.01666666667
0.5736284248 2.083 0.004748121336 0.01666666667
-0.6025807024 2.166 0.004864041179 0.01666666667
0.5704761364 2.167 0.004734531878 0.01666666667
-0.5975392911 2.084 0.004845018343 0.01666666667
0.57811394 2.083 0.004767132848 0.01666666667
-0.5951034544 2.166 0.004835650556 0.01666666667
0.5682294144 2.083 0.004724731408 0.01666666667
-0.5938619859 2.084 0.004830831927 0.01666666667
0.553943953 2.084 0.004660193293 0.01666666667
-0.5790707177 2.083 0.004771138484 0.01666666667
0.5566681908 2.168 0.004672795899 0.01666666667
-0.582328232 2.168 0.004784645274 0.01666666667
0.5466793259 2.083 0.004625911073 0.01666666667
-0.5835954947 2.084 0.004789844948 0.01666666667
0.55376275 2.084 0.004659350118 0.01666666667
-0.5700156243 2.083 0.004732530851 0.01666666667
0.5411595648 2.166 0.004599209729 0.01666666667
-0.5616366562 2.167 0.004695423077 0.01666666667
0.5395613318 2.084 0.004591373634 0.01666666667
-0.5552359826 2 0.004666187626 0.01666666667
-0.5552359826 1.083 0.004666187626 0.01666666667
0.5316242099 1.083 0.004551764739 0.01666666667
-0.5476478741 2.083 0.004630538288 0.01666666667
0.5376302707 2.167 0.004581843117 0.01666666667
-0.555038161 2.084 0.004665271857 0.01666666667
0.5305849393 2.083 0.004546493289 0.01666666667
-0.5545732415 2.083 0.004663116748 0.01666666667
0.5305849393 2.168 0.004546493289 0.01666666667
-0.5405074228 2.085 0.004596017964 0.01666666667
-0.5405074228 1 0.004596017964 0.01666666667
0.5223788147 1.083 0.004504181682 0.01666666667
-0.5420870926 2.084 0.00460373583 0.01666666667
0.5221357861 2.167 0.004502910047 0.01666666667
-0.5405086103 2.083 0.004596023784 0.01666666667
0.5132061704 2.083 0.004455451157 0.01666666667
-0.5377159059 2.167 0.004582267208 0.01666666667
0.5140886308 2.084 0.004460204763 0.01666666667
-0.5341623008 2.083 0.004564555891 0.01666666667
0.521282811 2.166 0.004498438483 0.01666666667
-0.5243685554 2.083 0.004514552847 0.01666666667
0.5042070283 2.084 0.004406185112 0.01666666667
-0.5135006925 2.084 0.004457039222 0.01666666667
0.5075477313 2.083 0.004424641319 0.01666666667
-0.5105917559 2.083 0.004441286516 0.01666666667
-0.5105917559 1.085 0.004441286516 0.01666666667
0.5016808321 1.085 0.004392098115 0.01666666667
-0.5067491445 2.083 0.004420247342 0.01666666667
0.4920911071 2.083 0.004337604755 0.01666666667
-0.5090715174 2.084 0.004432994155 0.01666666667
0.4889688261 2.084 0.004319517173 0.01666666667
-0.5068859325 2.083 0.004421000777 0.01666666667
0.5022720507 2.166 0.004395405029 0.01666666667
-0.4882809402 2.083 0.004315509537 0.01666666667
0.5125304473 2.084 0.004451801814 0.01666666667
-0.4763561559 2.084 0.004244744005 0.01666666667
0.5091894233 2.083 0.004433638757 0.01666666667
-0.4766703902 2.166 0.004246639925 0.01666666667
0.4946790071 2.083 0.004352468466 0.01666666667
-0.4878250447 2.084 0.00431284898 0.01666666667
0.473872638 2.084 0.004229700875 0.01666666667
-0.4855213694 2.085 0.00429935019 0.01666666667
0.4734896304 2.085 0.004227371629 0.01666666667
-0.4889151002 2.083 0.004319204459 0.01666666667
0.4622760137 2.166 0.004158082764 0.01666666667
-0.4900666893 2.083 0.004325896405 0.01666666667
0.4518321227 2.084 0.004091668338 0.01666666667
-0.4966130768 2.084 0.004363500766 0.01666666667
0.4434167365 2.083 0.00403685339 0.01666666667
-0.4959740672 2.083 0.004359862948 0.01666666667
0.4395848332 2.083 0.004011513839 0.01666666667
-0.4898847206 2.083 0.004324840501 0.01666666667
0.4407905853 2.084 0.004019512694 0.01666666667
-0.4825693757 2.167 0.004281919098 0.01666666667
0.4388529618 2.083 0.004006647288 0.01666666667
-0.4729649164 2.083 0.004224176575 0.01666666667
0.4429724193 2.083 0.00403392734 0.01666666667
-0.4659503851 2.085 0.004181018769 0.01666666667
0.4394162343 2.085 0.004010393508 0.01666666667
-0.4555585809 2.084 0.004115571862 0.01666666667
0.4334691441 2.167 0.003970584627 0.01666666667
-0.4463218901 2.083 0.004055906604 0.01666666667
0.4474529704 2.083 0.004063287704 0.01666666667
-0.4300643159 2.083 0.00394754002 0.01666666667
0.4548197833 2.084 0.00411085094 0.01666666667
-0.4204834314 2.084 0.00388171577 0.01666666667
0.4525091665 2.083 0.004096028198 0.01666666667
-0.4221506662 2.083 0.00389327341 0.01666666667
0.4429461167 2.083 0.004033754025 0.01666666667
-0.4280144605 2.083 0.003933577813 0.01666666667
0.4266609299 2.084 0.003924322237 0.01666666667
-0.4273256789 2.167 0.003928871454 0.01666666667
0.4214367217 2.083 0.003888329481 0.01666666667
-0.4336703917 2.085 0.003971940961 0.01666666667
0.4153703126 2.085 0.003846001904 0.01666666667
-0.4362172038 2.083 0.003989049859 0.01666666667
0.4054907099 2.083 0.003775859292 0.01666666667
-0.4380498684 2.084 0.00400129727 0.01666666667
0.3944474586 2.084 0.003695711526 0.01666666667
-0.4405318223 2.083 0.004017798051 0.01666666667
0.4135678552 2.083 0.003833316111 0.01666666667
-0.4176896743 2.083 0.003862252138 0.01666666667
0.4098714053 2.083 0.003807144641 0.01666666667
-0.4152281186 2.084 0.003845002949 0.01666666667
0.4088367798 2.084 0.00379978199 0.01666666667
-0.4091943289 2.083 0.003802328239 0.01666666667
0.407392998 2.166 0.003789480494 0.01666666667
-0.4013843402 2.083 0.003746269845 0.01666666667
0.397988144 2.085 0.003721606725 0.01666666667
-0.4058961817 2.085 0.003778767235 0.01666666667
0.3996263991 2.084 0.003733525213 0.01666666667
-0.4016225451 2.084 0.003747993211 0.01666666667
0.3999968646 2.083 0.003736214838 0.01666666667
-0.3941983038 2.083 0.00369388231 0.01666666667
0.4021613578 2.083 0.003751888279 0.01666666667
-0.3848103764 2.083 0.003624294767 0.01666666667
0.4000142571 2.084 0.003736341059 0.01666666667
-0.3754443133 2.084 0.003553596063 0.01666666667
0.401298228 2.083 0.00374564663 0.01666666667
-0.3650943365 2.083 0.003474021133 0.01666666667
0.4154532549 2.083 0.003846584455 0.01666666667
-0.3865165575 2.083 0.003637037476 0.01666666667
0.3904574847 2.084 0.003666308378 0.01666666667
-0.380159483 2.084 0.003589345428 0.01666666667
0.3865510564 2.085 0.003637294697 0.01666666667
-0.3814489205 2.085 0.003599066207 0.01666666667
0.3732579826 2.083 0.003536912355 0.01666666667
-0.3878813604 2.083 0.003647200101 0.01666666667
0.3564325217 2.083 0.003406279887 0.01666666667
-0.3914892544 2.083 0.003673934212 0.01666666667
0.3466133438 2.084 0.003328252127 0.01666666667
-0.3930324306 2.084 0.003685310655 0.01666666667
0.352285197 2.083 0.003373481835 0.01666666667
-0.389057425 2.083 0.003655935545 0.01666666667
0.3503837481 2.083 0.003358366977 0.01666666667
-0.3868152891 2.083 0.003639264217 0.01666666667
0.347832365 2.084 0.003338009439 0.01666666667
-0.383572131 2.084 0.003615020425 0.01666666667
0.362454539 2.083 0.003453485654 0.01666666667
-0.3634212433 2.083 0.00346101703 0.01666666667
0.3611354178 2.085 0.003443187856 0.01666666667
-0.3576601943 2.085 0.003415943766 0.01666666667
0.3584793186 2.083 0.003422380223 0.01666666667
-0.346801781 2.083 0.003329761714 0.01666666667
0.3601311275 2.084 0.003435331732 0.01666666667
-0.3387274846 2.084 0.0032646566 0.01666666667
0.3699312502 2.083 0.003511396705 0.01666666667
-0.3255842317 2.083 0.003156866064 0.01666666667
0.3777715166 2.083 0.003571280095 0.01666666667
-0.3515764355 2.083 0.003367853492 0.01666666667
0.3470388827 2.084 0.003331660484 0.01666666667
-0.3525693237 2.084 0.00337573621 0.01666666667
0.3394324795 2.083 0.003270375323 0.01666666667
-0.3588618127 2.083 0.003425382612 0.01666666667
0.3213157986 2.083 0.003121386885 0.01666666667
-0.3684350516 2.085 0.00349987029 0.01666666667
0.307513754 2.085 0.003005120656 0.01666666667
-0.3679357537 2.083 0.00349601682 0.01666666667
0.3008121721 2.084 0.002947836229 0.01666666667
-0.3392091753 2.084 0.003268564644 0.01666666667
0.3297740406 2.083 0.00319146798 0.01666666667
-0.3364731944 2.083 0.003246326922 0.01666666667
0.3280949852 2.083 0.003177628122 0.01666666667
-0.3335655838 2.083 0.003222587687 0.01666666667
0.3261784659 2.084 0.003161787147 0.01666666667
-0.3279686041 2.084 0.003176584956 0.01666666667
0.3231137827 2.083 0.003136359593 0.01666666667
-0.3245342013 2.083 0.003148159458 0.01666666667
0.322725726 2 0.003133131477 0.01666666667
-0.3150069024 2.083 0.003068531557 0.01666666667
0.3301365219 2.083 0.003194451066 0.01666666667
-0.3066599245 2.085 0.002997852005 0.01666666667
0.3138400053 2.085 0.003058701615 0.01666666667
-0.3256002019 2.084 0.003156998377 0.01666666667
0.3148936989 2.084 0.003067578662 0.01666666667
-0.3256837821 2.083 0.00315769079 0.01666666667
0.3068674085 2.083 0.002999619122 0.01666666667
-0.3298548825 2.083 0.003192133425 0.01666666667
0.2936108775 2.083 0.00288569032 0.01666666667
-0.3363169102 2.084 0.003245053722 0.01666666667
0.2798572083 2.084 0.002765346154 0.01666666667
-0.3418465464 2.083 0.003289908242 0.01666666667
0.2709937682 2.083 0.002686676872 0.01666666667
-0.3400426749 2.083 0.003275319809 0.01666666667
-0.2855966727 1.25 0.00281582594 0.01666666667