X Y X' Y'
0 0.6284879552 0.01666666667 0.004953957506
0.083 0.5839506443 0.01666666667 0.005364123369
0.166 0.4965156109 0.01666666667 0.00799121826
0.25 0.3734238552 0.01666666667 0.01097599597
0.333 0.2199431495 0.01666666667 0.01367954833
0.416 0.04961414938 0.01666666667 0.01572385844
0.5 -0.1246263651 0.01666666667 0.02279047292
0.583 -0.2906366661 0.01666666667 0.0376498231
0.666 -0.4375435522 0.01666666667 0.1291574171
0.75 -0.5561573995 0.01666666667 0.06052934572
0.833 -0.6344636929 0.01666666667 0.01492652943
0.916 -0.6719340107 0.01666666667 0.005074793339
1 -0.6648453585 0.01666666667 0.005057671252
1.083 -0.6134915303 0.01666666667 0.006710602191
1.166 -0.520627841 0.01666666667 0.008697954726
1.25 -0.393105424 0.01666666667 0.009922423003
1.333 -0.2416704443 0.01666666667 0.01086960524
1.416 -0.07194857949 0.01666666667 0.01046937057
1.5 0.1006961099 0.01666666667 0.01207913196
1.583 0.2618916458 0.01666666667 0.01519812527
1.666 0.402126558 0.01666666667 0.01733263394
1.75 0.5110748596 0.01666666667 0.02155337336
1.833 0.5816275524 0.01666666667 0.03863416559
1.916 0.6077146861 0.01666666667 0.004882905118
2 0.5917243732 0.01666666667 0.009301875282
2.083 0.5301138012 0.01666666667 0.01161882502
2.166 0.4295798458 0.01666666667 0.01215538653
2.25 0.2957162835 0.01666666667 0.01156831217
2.333 0.1375800278 0.01666666667 0.01035320409
2.416 -0.0308915203 0.01666666667 0.00947562542
2.5 -0.2008614227 0.01666666667 0.0106166745
2.583 -0.3542005111 0.01666666667 0.01109065059
2.666 -0.489303439 0.01666666667 0.01109309759
2.75 -0.5912451899 0.01666666667 0.00977811562
2.833 -0.6528137709 0.01666666667 0.006554779427
2.916 -0.6708937809 0.01666666667 0.005072344522
3 -0.6459160077 0.01666666667 0.03949434554
3.083 -0.5784930965 0.01666666667 0.06601164429
3.166 -0.4703154135 0.01666666667 0.03100011791
3.25 -0.3316770314 0.01666666667 0.02177015171
3.333 -0.1722203386 0.01666666667 0.01593880703
3.416 -0.005668114251 0.01666666667 0.0112914464
3.5 0.1599093047 0.01666666667 0.01094541766
3.583 0.3150434917 0.01666666667 0.009825620443
3.666 0.4460896247 0.01666666667 0.008371379957
3.75 0.5423088461 0.01666666667 0.007184809109
3.833 0.6221039619 0.01666666667 0.004933026461
3.916 0.6313131402 0.01666666667 0.004962962796
4 0.595902638 0.01666666667 0.008938637796
4.083 0.5166469551 0.01666666667 0.02592862775
4.166 0.3985224592 0.01666666667 0.09185614119
4.25 0.2517988215 0.01666666667 0.1081810913
4.333 0.08383528777 0.01666666667 0.03046202791
4.416 -0.09149736264 0.01666666667 0.019925656
4.5 -0.259801523 0.01666666667 0.01542769466
4.583 -0.4069618351 0.01666666667 0.0111077014
4.666 -0.5293952379 0.01666666667 0.008101498318
4.75 -0.6139605142 0.01666666667 0.005409941071
4.833 -0.6575412666 0.01666666667 0.005038965472
4.916 -0.6573339524 0.01666666667 0.005038418828
5 -0.6127871585 0.01666666667 0.00639521784
5.083 -0.5268311968 0.01666666667 0.01251602714
5.166 -0.4051526186 0.01666666667 0.02049720361
5.25 -0.2537248636 0.01666666667 0.03725697517
5.333 -0.08740266324 0.01666666667 0.1400244229
5.416 0.08757931875 0.01666666667 0.09744825869
5.5 0.2518522329 0.01666666667 0.0347593729
5.583 0.3980105486 0.01666666667 0.01950329242
5.666 0.5118751576 0.01666666667 0.01087735156
5.75 0.5895448454 0.01666666667 0.005492248546
5.833 0.6229894621 0.01666666667 0.004935977844
5.916 0.6125282558 0.01666666667 0.004900124179
6 0.5579395266 0.01666666667 0.005969295119
6.083 0.4608806874 0.01666666667 0.009269334635
6.166 0.3292291304 0.01666666667 0.0124989455
6.25 0.1728491039 0.01666666667 0.01624692104
6.333 0.004408496174 0.01666666667 0.009009571146
6.416 -0.1676403198 0.01666666667 0.03894072918
6.5 -0.3259830705 0.01666666667 0.1614449038
6.583 -0.4625318459 0.01666666667 0.08446035887
6.666 -0.5682842704 0.01666666667 0.01964938894
6.75 -0.6353058966 0.01666666667 0.006531132302
6.833 -0.6586844542 0.01666666667 0.005041964257
6.916 -0.6397895683 0.01666666667 0.004989029459
7 -0.5766736182 0.01666666667 0.00665201539
7.083 -0.4751157294 0.01666666667 0.008902669762
7.166 -0.3398063998 0.01666666667 0.01071486649
7.25 -0.1811431785 0.01666666667 0.0119316395
7.333 -0.01457863229 0.01666666667 0.01225373795
7.416 0.1570612748 0.01666666667 0.01716985849
7.5 0.3150699001 0.01666666667 0.02317040717
7.583 0.44667236 0.01666666667 0.03483087565
7.666 0.5458457884 0.01666666667 0.1172975507
7.75 0.6040737981 0.01666666667 0.02260043513
7.833 0.6195509153 0.01666666667 0.004924430548
7.916 0.5902408774 0.01666666667 0.007386821214
8 0.5179319188 0.01666666667 0.01012172087
8.083 0.4075506815 0.01666666667 0.01084513159
8.166 0.2642982567 0.01666666667 0.01103299402
8.25 0.1011980093 0.01666666667 0.01019217252
8.333 -0.06771091622 0.01666666667 0.009979432628
8.416 -0.2300794148 0.01666666667 0.0117081544
8.5 -0.3819890125 0.01666666667 0.01285682388
8.583 -0.5047766191 0.01666666667 0.01344419156
8.666 -0.5914884854 0.01666666667 0.01207265935
8.75 -0.6382667069 0.01666666667 0.008497845335
8.833 -0.6425385398 0.01666666667 0.04603783988
8.916 -0.6033290718 0.01666666667 0.02865166523
9 -0.5229619634 0.01666666667 0.02023871925
9.083 -0.4051570027 0.01666666667 0.01683000792
9.166 -0.2592137288 0.01666666667 0.01445803339
9.25 -0.09573116038 0.01666666667 0.01195450256
9.333 0.07510529842 0.01666666667 0.0105945513
9.416 0.2392401926 0.01666666667 0.01056250643
9.5 0.3830972718 0.01666666667 0.00977745865
9.583 0.4986920449 0.01666666667 0.008517898441
9.666 0.5777652351 0.01666666667 0.00633769573
9.75 0.6160334453 0.01666666667 0.004912377243
9.833 0.6104836741 0.01666666667 0.005401167525
9.916 0.5617927024 0.01666666667 0.02584102374
10 0.4699141784 0.01666666667 1.148260526
10.083 0.3463722906 0.01666666667 0.05011332673
10.166 0.1975826941 0.01666666667 0.02662990103
10.25 0.03726803624 0.01666666667 0.01628088961
10.333 -0.1282940874 0.01666666667 0.01343919735
10.416 -0.2856658934 0.01666666667 0.01153252978
10.5 -0.4216232788 0.01666666667 0.009267955731
10.583 -0.5280070238 0.01666666667 0.00686933351
10.666 -0.5982127399 0.01666666667 0.004847588024
10.75 -0.6253259669 0.01666666667 0.0049436911
10.833 -0.6097058662 0.01666666667 0.004890082925